      0/99    0.216G   0.01105  0.003042         0    0.0141         3       640    0.9988    0.9894    0.9959    0.8862    0.0109  0.002016         0
      1/99     3.33G   0.01095  0.003039         0   0.01399         1       640    0.9988    0.9882    0.9962    0.9162  0.008697  0.001864         0
      2/99     3.33G   0.01089  0.003068         0   0.01396         4       640    0.9976    0.9906    0.9962    0.9232  0.007776  0.001789         0
      3/99     3.33G   0.01268  0.003132         0   0.01581         5       640    0.9988    0.9894    0.9961    0.9089  0.009344   0.00188         0
      4/99     3.33G   0.01306  0.003177         0   0.01624         2       640    0.9988    0.9918     0.996    0.9101  0.009085  0.001859         0
      5/99     3.33G   0.01323  0.003126         0   0.01636         2       640    0.9976    0.9918    0.9961    0.9118  0.009694  0.001872         0
      6/99     3.33G   0.01248  0.003135         0   0.01562         2       640    0.9965    0.9941    0.9963    0.9002   0.01113  0.001953         0
      7/99     3.33G   0.01201  0.002992         0     0.015         3       640    0.9988    0.9941    0.9962      0.92  0.008511  0.001827         0
      8/99     3.33G   0.01207  0.003044         0   0.01511         3       640    0.9976    0.9941    0.9963    0.9148  0.009074  0.001833         0
      9/99     3.34G   0.01276  0.003237         0     0.016         2       640    0.9976    0.9941    0.9962    0.9086  0.009685  0.001865         0
     10/99     3.34G   0.01349  0.003283         0   0.01678         2       640    0.9988    0.9929    0.9963    0.9182   0.01017  0.001894         0
     11/99     3.34G   0.01315  0.003084         0   0.01624         2       640    0.9965    0.9941    0.9962    0.9175  0.008272  0.001802         0
     12/99     3.34G   0.01254  0.002907         0   0.01544         1       640     0.993    0.9988    0.9962    0.9191  0.009321  0.001852         0
     13/99     3.34G   0.01165  0.002992         0   0.01464         5       640    0.9965    0.9953    0.9963    0.9194  0.007759  0.001786         0
     14/99     3.34G    0.0119  0.003074         0   0.01497         3       640    0.9965    0.9953    0.9961    0.9198  0.008448  0.001819         0
     15/99     3.34G    0.0128  0.003067         0   0.01587         2       640    0.9976    0.9953     0.996    0.9072   0.00924  0.001834         0
     16/99     3.34G   0.01204  0.003071         0   0.01511         2       640         1    0.9941    0.9963    0.9211  0.007969  0.001801         0
     17/99     3.34G   0.01093  0.003134         0   0.01407         3       640    0.9965    0.9953    0.9961    0.9052  0.008582   0.00183         0
     18/99     3.34G   0.01042   0.00288         0    0.0133         0       640    0.9965    0.9953    0.9962      0.92  0.007849  0.001793         0
     19/99     3.34G  0.009936  0.002982         0   0.01292         0       640    0.9953    0.9964    0.9961    0.9164  0.007929  0.001796         0
     20/99     3.34G   0.01015  0.002992         0   0.01314         3       640     0.994    0.9918    0.9959     0.925   0.00774  0.001834         0
     21/99     3.34G   0.01037  0.002938         0   0.01331         2       640    0.9941    0.9953    0.9953    0.9219  0.007847  0.001761         0
     22/99     3.34G   0.01028  0.003033         0   0.01331         4       640    0.9953    0.9988    0.9959    0.9238  0.007748  0.001773         0
     23/99     3.34G   0.01034  0.003073         0   0.01341         5       640    0.9953    0.9976     0.996    0.9155  0.008037  0.001759         0
     24/99     3.34G    0.0109   0.00314         0   0.01404         2       640    0.9953         1    0.9961    0.9206  0.008054   0.00171         0
     25/99     3.34G   0.01052  0.003049         0   0.01357         5       640    0.9953         1     0.996    0.9198  0.007967   0.00173         0
     26/99     3.34G   0.01006  0.003068         0   0.01312         3       640    0.9953         1    0.9958    0.9259  0.007735   0.00173         0
     27/99     3.34G    0.0104  0.002906         0    0.0133         1       640    0.9965         1    0.9962     0.925  0.007674    0.0017         0
     28/99     3.34G    0.0102  0.002888         0   0.01309         1       640    0.9953         1    0.9963    0.9289  0.007854  0.001723         0
     29/99     3.34G  0.009931  0.003042         0   0.01297         5       640    0.9976    0.9965    0.9962    0.9225  0.007842  0.001718         0
     30/99     3.34G   0.01016  0.003069         0   0.01323         0       640    0.9965    0.9988    0.9961    0.9275  0.007865  0.001773         0
     31/99     3.34G   0.01011  0.002888         0     0.013         3       640    0.9976    0.9988    0.9961     0.928  0.007415  0.001714         0
     32/99     3.34G   0.01011  0.003056         0   0.01317         5       640    0.9941    0.9988    0.9961    0.9245  0.007801  0.001746         0
     33/99     3.34G   0.01007   0.00309         0   0.01316         2       640    0.9953         1    0.9963    0.9337  0.007414  0.001689         0
     34/99     3.34G   0.01014  0.002978         0   0.01312         1       640    0.9964         1    0.9959    0.9274  0.007732  0.001708         0
     35/99     3.34G   0.01004   0.00294         0   0.01298         2       640    0.9965         1    0.9962     0.929   0.00757  0.001718         0
     36/99     3.34G    0.0101  0.002848         0   0.01295         2       640    0.9953         1    0.9964    0.9282  0.007586  0.001684         0
