      0/99     0.56G   0.01204  0.003545         0   0.01559        13       640    0.9841    0.9758    0.9925    0.9029  0.008782  0.002151         0
      1/99     3.15G   0.01187  0.003741         0   0.01561         9       640    0.9818    0.9771    0.9924    0.8989  0.009168  0.002159         0
      2/99     3.65G   0.01172  0.003591         0   0.01531        15       640    0.9829    0.9783    0.9923    0.8981  0.009132  0.002141         0
      3/99     3.65G   0.01366   0.00358         0   0.01724        12       640    0.9877    0.9734    0.9931    0.8998   0.00985  0.002154         0
      4/99     3.66G   0.01405  0.003698         0   0.01775        17       640    0.9877    0.9734    0.9929    0.9022  0.009352  0.002106         0
      5/99     3.66G   0.01367    0.0037         0   0.01737        10       640    0.9878    0.9746    0.9926    0.8966  0.009205  0.002078         0
      6/99     3.66G   0.01354  0.003613         0   0.01715        15       640    0.9807     0.983    0.9933    0.8877   0.01183  0.002193         0
      7/99     3.66G   0.01345  0.003506         0   0.01696        11       640    0.9831    0.9807    0.9936    0.8862   0.01137  0.002161         0
      8/99     3.66G   0.01333  0.003668         0   0.01699        13       640    0.9807    0.9831    0.9929    0.9034    0.0103  0.002136         0
      9/99     3.66G   0.01344  0.003576         0   0.01702        15       640    0.9831    0.9831    0.9931    0.8909  0.009491  0.002081         0
     10/99     3.66G   0.01385  0.003616         0   0.01746        10       640    0.9843    0.9831     0.994    0.8874    0.0104  0.002122         0
     11/99     3.66G   0.01286  0.003411         0   0.01627        12       640    0.9878    0.9818    0.9935     0.905  0.009105  0.002041         0
     12/99     3.66G   0.01289  0.003525         0   0.01641        11       640    0.9844    0.9879    0.9941    0.8962   0.01022  0.002095         0
     13/99     3.66G   0.01298  0.003511         0   0.01649        15       640    0.9879    0.9866    0.9942     0.907  0.009051  0.002028         0
     14/99     3.66G   0.01225   0.00359         0   0.01584        16       640    0.9914    0.9843    0.9945    0.9112  0.009185   0.00203         0
     15/99     3.66G   0.01177  0.003419         0   0.01519        18       640    0.9963    0.9831    0.9946    0.9088  0.009035  0.001997         0
     16/99     3.66G   0.01264  0.003531         0   0.01617        18       640    0.9927    0.9867    0.9948    0.9112  0.008899  0.001988         0
     17/99     3.66G   0.01152  0.003532         0   0.01505        17       640     0.989    0.9879    0.9945    0.9051  0.008813  0.002056         0
     18/99     3.66G   0.01145  0.003387         0   0.01484        23       640    0.9891    0.9915    0.9947    0.9072  0.008813  0.001992         0
     19/99     3.66G   0.01131  0.003458         0   0.01476        16       640    0.9927    0.9879    0.9952    0.9049  0.008664  0.001972         0
     20/99     3.66G   0.01111  0.003305         0   0.01441        12       640    0.9915    0.9879    0.9953    0.9087  0.008767  0.001973         0
     21/99     3.66G   0.01094  0.003299         0   0.01424        13       640    0.9903    0.9915    0.9952    0.8986  0.008879  0.001967         0
     22/99     3.66G   0.01076  0.003323         0   0.01409        15       640    0.9845    0.9964    0.9952    0.9015  0.008658  0.001945         0
     23/99     3.66G   0.01155  0.003442         0   0.01499        14       640    0.9868    0.9926    0.9958    0.9094  0.008562  0.001942         0
     24/99     3.66G   0.01145  0.003542         0   0.01499        14       640    0.9976    0.9891    0.9959     0.908   0.00864  0.001919         0
     25/99     3.66G    0.0115  0.003424         0   0.01493        15       640    0.9928    0.9939    0.9957    0.9076  0.008541  0.001899         0
     26/99     3.66G   0.01136  0.003342         0    0.0147        12       640    0.9916    0.9927    0.9956    0.9086  0.008573    0.0019         0
     27/99     3.66G    0.0112  0.003265         0   0.01447        14       640    0.9904    0.9928    0.9958    0.9134  0.008605  0.001905         0
     28/99     3.66G   0.01117  0.003185         0   0.01435        12       640    0.9904    0.9964    0.9958    0.9104  0.008583  0.001912         0
     29/99     3.66G     0.011  0.003252         0   0.01425        13       640    0.9892    0.9952    0.9959    0.9104  0.008577  0.001925         0
     30/99     3.66G   0.01077  0.003488         0   0.01425        17       640    0.9988    0.9915     0.996    0.9122  0.008479  0.001901         0
     31/99     3.66G   0.01103  0.003292         0   0.01432        13       640    0.9988    0.9928     0.996    0.8996  0.008782  0.001916         0
     32/99     3.66G   0.01068  0.003134         0   0.01381        13       640    0.9964     0.994     0.996    0.9109  0.008273  0.001879         0
     33/99     3.66G   0.01075  0.003439         0   0.01418        11       640    0.9964    0.9891     0.996    0.9109  0.008355  0.001875         0
     34/99     3.66G   0.01076  0.003368         0   0.01413        16       640    0.9952    0.9928     0.996    0.9108  0.008166  0.001861         0
     35/99     3.66G    0.0109  0.003255         0   0.01415        13       640    0.9952     0.994     0.996    0.9141  0.008248  0.001831         0
     36/99     3.66G   0.01067  0.003244         0   0.01392        17       640         1    0.9915    0.9961    0.9164  0.008045  0.001824         0
     37/99     3.66G   0.01053  0.003077         0   0.01361        13       640    0.9928    0.9976    0.9962    0.9167  0.008123  0.001836         0
     38/99     3.66G   0.01055   0.00305         0    0.0136        11       640    0.9963    0.9928    0.9961    0.9133  0.008198  0.001857         0
     39/99     3.66G   0.01061  0.002984         0   0.01359        13       640    0.9963    0.9915    0.9961    0.9158  0.008184   0.00184         0
     40/99     3.66G   0.01068  0.003068         0   0.01374        11       640    0.9975    0.9928     0.996    0.9158  0.008123  0.001826         0
     41/99     3.66G   0.01059  0.003124         0   0.01371        14       640    0.9988    0.9952     0.996    0.9146  0.008194  0.001811         0
     42/99     3.66G   0.01028    0.0032         0   0.01348        12       640    0.9976    0.9952     0.996    0.9154  0.008102  0.001803         0
     43/99     3.66G   0.01067  0.003076         0   0.01374        18       640     0.994    0.9976    0.9961    0.9165  0.008022  0.001801         0
     44/99     3.66G   0.01014  0.002953         0    0.0131        12       640    0.9964    0.9976    0.9962     0.916  0.007863  0.001783         0
     45/99     3.66G    0.0104  0.003065         0   0.01346        10       640    0.9988     0.994    0.9962    0.9119  0.007884   0.00177         0
     46/99     3.66G   0.01056   0.00316         0   0.01372        12       640    0.9952    0.9976    0.9962     0.918  0.007991  0.001787         0
     47/99     3.66G   0.01002  0.002874         0   0.01289        14       640    0.9988    0.9976    0.9962     0.916  0.008114  0.001791         0
     48/99     3.66G   0.01049  0.003047         0   0.01354        24       640    0.9988    0.9976    0.9962    0.9168  0.007946  0.001762         0
     49/99     3.66G  0.009959  0.003149         0   0.01311        13       640    0.9988    0.9976    0.9961    0.9187  0.007923  0.001764         0
     50/99     3.66G   0.01025  0.003017         0   0.01327        12       640    0.9988    0.9976    0.9962    0.9174  0.007836  0.001787         0
     51/99     3.66G    0.0104  0.003119         0   0.01352        13       640    0.9976    0.9988    0.9962     0.921  0.007698  0.001734         0
     52/99     3.66G   0.01054  0.003037         0   0.01358        15       640    0.9976    0.9988    0.9962    0.9178  0.007881  0.001756         0
     53/99     3.66G   0.01048  0.003107         0   0.01359        11       640    0.9988    0.9976    0.9962    0.9176  0.007814   0.00175         0
     54/99     3.66G   0.01042  0.002888         0    0.0133        19       640         1    0.9988    0.9962    0.9197  0.007792  0.001751         0
     55/99     3.66G   0.01025  0.002987         0   0.01324        17       640    0.9988    0.9988    0.9962    0.9177  0.007735  0.001774         0
     56/99     3.66G  0.009991  0.003169         0   0.01316        16       640    0.9976    0.9988    0.9962    0.9199   0.00771  0.001743         0
     57/99     3.66G   0.00986  0.002878         0   0.01274        15       640    0.9988    0.9988    0.9963    0.9214   0.00767  0.001732         0
     58/99     3.66G  0.009658  0.002987         0   0.01264        12       640         1    0.9988    0.9963    0.9227   0.00758  0.001708         0
     59/99     3.66G  0.009626  0.002912         0   0.01254        10       640         1    0.9988    0.9962     0.921  0.007554    0.0017         0
     60/99     3.66G  0.009734  0.002779         0   0.01251        15       640         1    0.9988    0.9962    0.9171  0.007702  0.001683         0
     61/99     3.66G   0.01008  0.002853         0   0.01293        16       640         1    0.9988    0.9962    0.9209  0.007611  0.001698         0
     62/99     3.66G  0.009821  0.002944         0   0.01276        14       640         1    0.9988    0.9962    0.9195  0.007613  0.001717         0
     63/99     3.66G  0.009806  0.002909         0   0.01272        12       640    0.9976    0.9976    0.9962    0.9172   0.00778   0.00173         0
     64/99     3.66G  0.009398  0.002849         0   0.01225        14       640         1    0.9976    0.9963    0.9183  0.007638  0.001724         0
     65/99     3.66G   0.01021  0.003069         0   0.01328        11       640         1    0.9976    0.9963    0.9243  0.007519  0.001717         0
     66/99     3.66G  0.009804  0.002903         0   0.01271        16       640         1    0.9964    0.9963    0.9248  0.007482  0.001725         0
     67/99     3.66G  0.009832  0.002899         0   0.01273        10       640    0.9999    0.9976    0.9963    0.9201  0.007634  0.001708         0
     68/99     3.66G  0.009591  0.002906         0    0.0125        14       640         1    0.9975    0.9961    0.9248  0.007476  0.001733         0
     69/99     3.66G   0.00995  0.002839         0   0.01279        15       640         1    0.9963    0.9962    0.9243  0.007428  0.001741         0
     70/99     3.66G  0.009846  0.002946         0   0.01279        11       640         1    0.9988    0.9962    0.9243   0.00746  0.001701         0
     71/99     3.66G  0.009904  0.002983         0   0.01289        15       640         1    0.9988    0.9962    0.9255  0.007382  0.001677         0
     72/99     3.66G  0.009848  0.002959         0   0.01281        22       640         1    0.9988    0.9962    0.9212  0.007559  0.001697         0
     73/99     3.66G  0.009902  0.003143         0   0.01304        16       640         1    0.9976    0.9962    0.9216  0.007492  0.001697         0
     74/99     3.66G   0.00944  0.002912         0   0.01235        11       640         1    0.9976    0.9961    0.9218  0.007489  0.001723         0
     75/99     3.66G  0.009706  0.002762         0   0.01247        10       640         1    0.9976    0.9962    0.9238  0.007506  0.001695         0
     76/99     3.66G  0.009698  0.002926         0   0.01262        13       640         1    0.9976    0.9962    0.9244   0.00751  0.001701         0
     77/99     3.66G  0.009729  0.002944         0   0.01267        11       640         1    0.9976    0.9962    0.9216  0.007477  0.001715         0
     78/99     3.66G  0.009624  0.002847         0   0.01247        15       640         1    0.9976    0.9962     0.929  0.007345  0.001694         0
     79/99     3.66G  0.009774  0.002914         0   0.01269        11       640         1    0.9976    0.9963    0.9271  0.007395  0.001689         0
     80/99     3.66G  0.009772  0.002949         0   0.01272        11       640         1    0.9976    0.9963    0.9275  0.007384  0.001688         0
     81/99     3.66G  0.009408  0.002827         0   0.01224        12       640         1    0.9976    0.9963    0.9255   0.00731  0.001672         0
     82/99     3.66G  0.009557  0.002929         0   0.01249        16       640         1    0.9976    0.9963    0.9292    0.0073  0.001669         0
     83/99     3.66G  0.009727  0.002699         0   0.01243        11       640         1    0.9976    0.9963    0.9282  0.007349  0.001675         0
     84/99     3.66G  0.009274  0.002856         0   0.01213        18       640         1    0.9976    0.9962     0.925  0.007342  0.001697         0
     85/99     3.66G  0.009535  0.002952         0   0.01249        16       640         1    0.9976    0.9963    0.9282   0.00732  0.001682         0
     86/99     3.66G  0.009667  0.002838         0    0.0125        13       640         1    0.9988    0.9963    0.9294  0.007313  0.001671         0
     87/99     3.66G  0.009493  0.002753         0   0.01225        17       640         1    0.9988    0.9963    0.9281  0.007425  0.001688         0
     88/99     3.66G  0.009346  0.002782         0   0.01213        16       640         1    0.9976    0.9963    0.9294  0.007194  0.001684         0
     89/99     3.66G  0.008996  0.002756         0   0.01175        13       640         1    0.9976    0.9963    0.9284  0.007276   0.00168         0
     90/99     3.66G   0.00949  0.002945         0   0.01244         9       640         1    0.9976    0.9963    0.9234   0.00728  0.001673         0
     91/99     3.66G  0.009072  0.002654         0   0.01173        16       640         1    0.9988    0.9963    0.9253  0.007243   0.00166         0
     92/99     3.66G  0.009398   0.00273         0   0.01213        10       640         1    0.9988    0.9963     0.924  0.007261  0.001657         0
     93/99     3.66G  0.009474   0.00268         0   0.01215         8       640         1    0.9988    0.9963    0.9272  0.007319  0.001662         0
     94/99     3.66G  0.009634   0.00287         0    0.0125        11       640         1    0.9976    0.9963    0.9268  0.007178  0.001657         0
     95/99     3.66G  0.009332  0.002782         0   0.01211        17       640         1    0.9976    0.9963    0.9292  0.007218  0.001655         0
     96/99     3.66G  0.009311  0.002869         0   0.01218        19       640         1    0.9976    0.9963     0.927  0.007235   0.00165         0
     97/99     3.66G  0.009686   0.00283         0   0.01252        13       640         1    0.9976    0.9963    0.9295  0.007145  0.001631         0
     98/99     3.66G  0.009366  0.002758         0   0.01212        18       640         1    0.9988    0.9963      0.93  0.007174  0.001636         0
     99/99     3.66G  0.009329  0.002853         0   0.01218        22       640         1    0.9988    0.9963    0.9288  0.007302  0.001636         0
