      0/99     0.51G   0.01143  0.003271         0    0.0147        10       640    0.9988    0.9825    0.9958    0.9091  0.008829  0.001953         0
      1/99     3.01G   0.01177  0.003169         0   0.01494        12       640         1    0.9825    0.9959    0.9161  0.008008  0.001873         0
      2/99     2.92G    0.0111   0.00296         0   0.01406        12       640         1    0.9825    0.9959    0.9161   0.00904  0.001924         0
      3/99        3G   0.01364  0.003162         0    0.0168        12       640    0.9965    0.9872    0.9959    0.8972   0.01131  0.002027         0
      4/99     3.01G   0.01358  0.003215         0   0.01679        15       640    0.9965     0.986    0.9959    0.9031  0.009437  0.001912         0
      5/99     3.01G   0.01255  0.003105         0   0.01566         8       640     0.993    0.9918     0.996    0.9166  0.008482  0.001858         0
      6/99     3.01G   0.01233  0.003196         0   0.01552        11       640     0.993    0.9942    0.9959    0.9053   0.01011   0.00193         0
      7/99     3.01G   0.01217  0.003049         0   0.01522        10       640     0.993     0.993     0.996    0.9121  0.008924  0.001877         0
      8/99     3.01G   0.01217  0.003245         0   0.01542        15       640    0.9918    0.9942     0.996    0.9225  0.008291   0.00183         0
      9/99     3.01G   0.01306  0.003275         0   0.01634        11       640    0.9953    0.9907    0.9962     0.905   0.00963   0.00191         0
     10/99     3.01G   0.01351   0.00335         0   0.01686        10       640    0.9953    0.9918     0.996    0.9076    0.0108  0.001952         0
     11/99     3.01G   0.01287  0.002945         0   0.01582        11       640    0.9942    0.9942    0.9949    0.9171  0.007874  0.001839         0
     12/99     3.01G    0.0125  0.003119         0   0.01561         6       640    0.9953    0.9942    0.9956    0.9171  0.008916  0.001868         0
     13/99     3.01G   0.01198  0.003167         0   0.01515        11       640    0.9918    0.9953    0.9959    0.8939   0.01129  0.001977         0
     14/99     3.01G   0.01199  0.003019         0   0.01501        15       640    0.9953    0.9953    0.9954    0.9135   0.00838  0.001843         0
     15/99     3.01G   0.01123  0.002957         0   0.01419         7       640    0.9953    0.9941    0.9957    0.9162  0.008672  0.001862         0
     16/99     3.01G   0.01124  0.003113         0   0.01435        10       640    0.9977    0.9953    0.9957    0.9222  0.007809  0.001826         0
     17/99     3.01G   0.01095  0.003148         0    0.0141         9       640    0.9953    0.9953    0.9954    0.9217  0.007892  0.001839         0
     18/99     3.01G   0.01082  0.002946         0   0.01377         9       640    0.9977    0.9942     0.996    0.9235  0.007893  0.001822         0
     19/99     3.01G   0.01014  0.003101         0   0.01324        10       640    0.9965    0.9953     0.996    0.9263  0.007744  0.001819         0
     20/99     3.01G   0.01034  0.002893         0   0.01323        10       640    0.9965    0.9953    0.9961    0.9217   0.00781  0.001794         0
     21/99     3.01G    0.0101  0.002985         0   0.01308        12       640    0.9965    0.9953    0.9962     0.926  0.007789    0.0018         0
     22/99     3.01G   0.01038  0.003063         0   0.01345        14       640    0.9965    0.9953    0.9962    0.9224  0.008018  0.001777         0
     23/99     3.01G   0.01069  0.003078         0   0.01376        12       640    0.9977    0.9953    0.9962    0.9245  0.007736  0.001772         0
     24/99     3.01G   0.01083  0.003069         0    0.0139         8       640    0.9965    0.9965    0.9961    0.9222  0.007954  0.001784         0
     25/99     3.01G   0.01039   0.00304         0   0.01343        15       640    0.9977    0.9965    0.9963    0.9314   0.00757  0.001748         0
     26/99     3.01G   0.01025  0.003056         0   0.01331         9       640    0.9977    0.9964    0.9962    0.9192  0.007723  0.001755         0
     27/99     3.01G    0.0104  0.002883         0   0.01328        11       640    0.9965    0.9965    0.9962    0.9163  0.007913  0.001776         0
     28/99     3.01G   0.01048  0.003092         0   0.01357        12       640    0.9919    0.9988    0.9962     0.917  0.008236  0.001751         0
     29/99     3.01G   0.01041   0.00307         0   0.01348        10       640    0.9977    0.9976    0.9964    0.9345  0.007556  0.001695         0
     30/99     3.01G   0.01011  0.003072         0   0.01319        11       640    0.9965    0.9953    0.9963    0.9324  0.007814  0.001716         0
     31/99     3.01G  0.009909  0.002948         0   0.01286        12       640    0.9965    0.9965    0.9963    0.9243  0.007648  0.001715         0
     32/99     3.01G  0.009974  0.002973         0   0.01295        11       640    0.9942         1    0.9963    0.9198  0.007958  0.001726         0
     33/99     3.01G  0.009822   0.00296         0   0.01278         9       640    0.9942         1    0.9963    0.9222   0.00774  0.001707         0
     34/99     3.01G   0.01004  0.002943         0   0.01299         9       640    0.9977         1    0.9964    0.9265  0.007603  0.001693         0
     35/99     3.01G  0.009938  0.002914         0   0.01285        11       640    0.9977    0.9977    0.9964    0.9275  0.007557  0.001704         0
     36/99     3.01G   0.01001  0.002863         0   0.01287        12       640    0.9988    0.9977    0.9963    0.9255  0.007466  0.001684         0
     37/99     3.01G  0.009745  0.002917         0   0.01266        13       640    0.9988    0.9965    0.9962    0.9243  0.007477  0.001713         0
     38/99     3.01G   0.01005  0.002987         0   0.01303        10       640    0.9977    0.9977    0.9962    0.9285  0.007367  0.001719         0
     39/99     3.01G   0.01023  0.002824         0   0.01305         5       640    0.9988    0.9965    0.9964    0.9245  0.007666  0.001732         0
     40/99     3.01G  0.009703   0.00295         0   0.01265        11       640    0.9977    0.9977    0.9963    0.9309   0.00746  0.001705         0
     41/99     3.01G   0.00975  0.002905         0   0.01266        12       640    0.9965         1    0.9961    0.9255  0.007485  0.001696         0
     42/99     3.01G   0.01009  0.002847         0   0.01293        15       640    0.9988    0.9988    0.9962    0.9299  0.007369  0.001675         0
     43/99     3.01G  0.009609  0.002824         0   0.01243        10       640    0.9988    0.9988    0.9963     0.925   0.00753  0.001666         0
     44/99     3.01G  0.009605   0.00287         0   0.01247        14       640    0.9988         1    0.9962    0.9233   0.00755  0.001685         0
     45/99     3.01G  0.009717  0.002861         0   0.01258        11       640    0.9977    0.9988    0.9963    0.9276  0.007324  0.001659         0
     46/99     3.01G  0.009643  0.002811         0   0.01245        11       640    0.9988    0.9977    0.9963    0.9247  0.007421  0.001681         0
     47/99     3.01G  0.009617  0.002918         0   0.01254        14       640         1    0.9977    0.9963    0.9307  0.007296  0.001669         0
     48/99     3.01G  0.009718   0.00281         0   0.01253        13       640    0.9977    0.9988    0.9963    0.9304  0.007188  0.001667         0
     49/99     3.01G  0.009517   0.00281         0   0.01233         9       640    0.9977    0.9988    0.9963    0.9317  0.007251  0.001674         0
     50/99     3.01G  0.009669   0.00287         0   0.01254        11       640    0.9977         1    0.9963    0.9293  0.007211  0.001645         0
     51/99     3.01G  0.009539  0.002711         0   0.01225        12       640         1         1    0.9964    0.9291   0.00723  0.001623         0
     52/99     3.01G   0.00966  0.002807         0   0.01247        11       640         1         1    0.9963    0.9272  0.007218  0.001608         0
     53/99     3.01G  0.009549  0.002791         0   0.01234        11       640         1         1    0.9964    0.9329  0.007054  0.001615         0
     54/99     3.01G  0.009355   0.00279         0   0.01214        10       640         1         1    0.9964    0.9356  0.007155  0.001619         0
     55/99     3.01G  0.009468  0.002739         0   0.01221        12       640         1         1    0.9964    0.9322  0.007123  0.001594         0
     56/99     3.01G  0.009262  0.002694         0   0.01196         7       640    0.9988         1    0.9964    0.9363  0.007068   0.00158         0
     57/99     3.01G  0.009055  0.002655         0   0.01171        10       640    0.9988         1    0.9964    0.9386  0.006963  0.001566         0
     58/99     3.01G  0.009516  0.002695         0   0.01221        14       640    0.9988         1    0.9964    0.9345  0.007319  0.001592         0
     59/99     3.01G  0.009061   0.00256         0   0.01162        10       640    0.9988         1    0.9964    0.9333  0.007242  0.001596         0
     60/99     3.01G  0.009342  0.002715         0   0.01206        10       640    0.9988    0.9988    0.9964    0.9322  0.007107  0.001597         0
     61/99     3.01G  0.009337  0.002777         0   0.01211        11       640    0.9988    0.9988    0.9964    0.9309  0.007089  0.001608         0
     62/99     3.01G  0.009137  0.002638         0   0.01177        18       640         1         1    0.9964    0.9364  0.006941  0.001553         0
     63/99     3.01G  0.008999  0.002725         0   0.01172         8       640         1         1    0.9964    0.9363  0.006984  0.001561         0
     64/99     3.01G  0.008748  0.002599         0   0.01135         8       640         1         1    0.9965    0.9361  0.006941  0.001552         0
     65/99     3.01G  0.008922  0.002609         0   0.01153         5       640    0.9988         1    0.9964    0.9349  0.006969  0.001559         0
     66/99     3.01G   0.00883  0.002575         0   0.01141        10       640    0.9988         1    0.9964    0.9336  0.007012  0.001581         0
     67/99     3.01G  0.008995  0.002668         0   0.01166         3       640    0.9988         1    0.9965    0.9327  0.007002  0.001571         0
     68/99     3.01G  0.009118  0.002795         0   0.01191         8       640         1         1    0.9964    0.9311  0.006947  0.001564         0
     69/99     3.01G  0.008924  0.002714         0   0.01164        11       640         1         1    0.9964    0.9348  0.006823  0.001547         0
     70/99     3.01G  0.008931  0.002636         0   0.01157        21       640         1         1    0.9965    0.9349  0.006839  0.001564         0
     71/99     3.01G  0.009244   0.00282         0   0.01206        13       640         1         1    0.9965    0.9341   0.00689  0.001562         0
     72/99     3.01G  0.009082  0.002585         0   0.01167         8       640         1         1    0.9965    0.9375  0.006746  0.001545         0
     73/99     3.01G  0.009289  0.002762         0   0.01205        13       640         1         1    0.9965    0.9359  0.006815  0.001552         0
     74/99     3.01G  0.009082  0.002724         0   0.01181         9       640         1         1    0.9964    0.9353  0.006885  0.001574         0
     75/99     3.01G  0.008972  0.002539         0   0.01151        11       640         1         1    0.9964    0.9356  0.006792  0.001554         0
     76/99     3.01G  0.009173  0.002638         0   0.01181        11       640         1         1    0.9964    0.9348  0.006784  0.001537         0
     77/99     3.01G  0.009351  0.002822         0   0.01217         9       640         1         1    0.9964    0.9386  0.006767  0.001544         0
     78/99     3.01G  0.009076   0.00275         0   0.01183        12       640         1         1    0.9964    0.9355  0.006766  0.001536         0
     79/99     3.01G  0.008788  0.002593         0   0.01138         9       640         1         1    0.9965    0.9378  0.006744  0.001527         0
     80/99     3.01G  0.008705  0.002515         0   0.01122        17       640         1         1    0.9965    0.9392   0.00672  0.001522         0
     81/99     3.01G  0.008792  0.002601         0   0.01139        11       640         1         1    0.9965    0.9399  0.006733  0.001528         0
     82/99     3.01G  0.008731  0.002612         0   0.01134        15       640         1         1    0.9965    0.9368  0.006723  0.001529         0
     83/99     3.01G  0.008892  0.002559         0   0.01145         5       640         1         1    0.9964    0.9356   0.00676  0.001546         0
     84/99     3.01G  0.008984  0.002689         0   0.01167        11       640         1         1    0.9964    0.9349  0.006709  0.001542         0
     85/99     3.01G  0.008646  0.002459         0    0.0111         7       640         1         1    0.9965    0.9354  0.006766  0.001545         0
     86/99     3.01G  0.008671  0.002599         0   0.01127        12       640         1         1    0.9965    0.9345  0.006838   0.00154         0
     87/99     3.01G  0.008573   0.00264         0   0.01121        15       640         1         1    0.9965    0.9351  0.006769  0.001537         0
     88/99     3.01G  0.008474  0.002551         0   0.01102         8       640         1         1    0.9964    0.9353  0.006689  0.001527         0
     89/99     3.01G  0.008848  0.002564         0   0.01141        10       640         1         1    0.9965    0.9364  0.006687  0.001516         0
     90/99     3.01G  0.008555  0.002565         0   0.01112        11       640         1         1    0.9965    0.9374  0.006656  0.001514         0
     91/99     3.01G  0.008917  0.002558         0   0.01148        12       640         1         1    0.9965    0.9375  0.006648  0.001528         0
     92/99     3.01G  0.008974  0.002585         0   0.01156         8       640         1         1    0.9965    0.9354  0.006714  0.001534         0
     93/99     3.01G  0.008655  0.002473         0   0.01113         6       640         1         1    0.9965    0.9399  0.006712  0.001528         0
     94/99     3.01G  0.008985  0.002599         0   0.01158         7       640         1         1    0.9965     0.937  0.006679  0.001526         0
     95/99     3.01G  0.008484  0.002582         0   0.01107        11       640         1         1    0.9965    0.9355  0.006604  0.001515         0
     96/99     3.01G  0.008896  0.002638         0   0.01153        11       640         1         1    0.9965     0.936  0.006618  0.001522         0
     97/99     3.01G  0.008875  0.002603         0   0.01148         9       640         1         1    0.9965    0.9386  0.006646  0.001527         0
     98/99     3.01G  0.008657  0.002668         0   0.01133        12       640         1         1    0.9965    0.9376  0.006666  0.001521         0
